1 0 0
16
2 2 2
2 -2 2
-2 -2 2
-2 2 2
2 2 -2
2 -2 -2
-2 -2 -2
-2 2 -2
1 1 1
1 -1 1
-1 -1 1
-1 1 1
1 1 -1
1 -1 -1
-1 -1 -1
-1 1 -1
24
1 2
2 3
3 4
1 4
5 6
6 7
7 8
5 8
1 5
2 6
4 8
3 7
9 10
10 11
11 12
9 12
13 14
14 15
15 16
13 16
9 13
10 14
12 16
11 15
12
4
1 4
1 2
2 3
3 4
4
5 6
6 7
7 8
5 8
4
3 2
6 2
6 7
7 3
4
4 1
1 5
5 8
8 4
4
3 4
4 8
8 7
7 3
4
1 2
2 6
6 5
5 1
4
9 10
10 11
11 12
12 9
4
13 14
14 15
15 16
16 13
4
9 10
10 14
14 13
13 9
4
11 12
12 16
16 15
15 11
4
11 10
10 14
14 15
15 11
4
12 9
9 13
13 16
16 12






